size(n)     memoization     Tabulation
100 752896	385200
101 614858	355614
102 562411	350945
103 587437	354361
104 555958	426767
105 566167	534575
106 609167	355154
107 567359	354942
108 560736	411408
109 560055	569781
110 670910	363262
111 560436	342450
112 567269	401590
113 590022	530287
114 580003	345104
115 562169	354692
116 590472	400097
117 559354	503901
118 649442	355594
119 586255	366231
120 563853	426707
121 576597	626867
122 596113	368615
123 563733	363917
124 558804	423992
125 608086	578360
126 562401	354008
127 559385	346276
128 562430	372496
129 563943	359962
130 742315	345054
131 560647	348081
132 561579	351236
133 593588	359171
134 1.11036e+06	398675
135 558213	520061
136 864634	516535
137 1.10433e+06	504833
138 863563	497659
139 951337	546551
140 1.0525e+06	549216
141 1.09664e+06	565375
142 1.18344e+06	575264
143 1.17592e+06	587226
144 1.08995e+06	556479
145 1.14031e+06	531433
146 1.07125e+06	515302
147 865205	553494
148 821895	363028
149 881676	353810
150 787742	505043
151 621861	361214
152 564223	362554
153 584341	350364
154 631860	568482
155 1.05244e+06	495806
156 645355	584262
157 567730	593552
158 828447	361004
159 560437	346216
160 567530	346066
161 566418	371905
162 597546	387463
163 576918	351626
164 559194	350134
165 568041	349944
166 576487	350114
167 589310	351045
168 579141	343270
169 559505	340587
170 567439	411158
171 563572	663078
172 570816	353580
173 564264	345575
174 566868	346247
175 587317	354942
176 583249	351056
177 566518	349483
178 588990	358198
179 557842	411538
180 567609	610880
181 576176	542917
182 565526	358510
183 562831	365412
184 622963	389898
185 593137	467613
186 565966	350605
187 557541	359592
188 563763	417660
189 565707	632561
190 558002	372856
191 562931	349713
192 559234	414624
193 565616	624636
194 564964	351396
195 561709	347889
196 560387	415386
197 581516	601793
198 572018	345996
199 561959	343461
200 565085	417750